4671448
4671715
4857328
5009497
5027735
5180551
5360540
5410853
5461328
5543083
5582287
5671161
5687862
5690387
5735283
5761782
5763216
5800863
5801562
5810965
5826197
5826692
5835487
5847963
5890621
5917277
5917834
5924220
5927759
5930654
5943182
5962776
5963739
5990712
5995105
5996905
6007900
6009450
6022735
6030579
6044681
6046902
6054910
6061838
6063541
6066245
6079356
6089748
6099206
6099927
6105656
6105706
6124186
6136358
6144075
6151221
6152831
6153249
6162630
6165791
6167555
6170714
6171437
6171603
6171870
6182758
6182897
6194904
6204527
6210013
6211458
6212207
6212385
6212827
6214187
6214478
6225609
6225953
6233314
6233542
6234544
6248355
6252997
6256440
6258659
6260778
6261186
6263863
6267746
6269409
6269649
6270944
6274601
6275198
6277077
6280299
6281911
6283016
6283333
6284020
6284816
6290086
6293688
6293753
6293777
6296127
6297055
6298994
6301699
6302158
6302602
6302766
6303287
6304568
6310407
6311789
6314203
6315725
6321576
6322388
6325892
6327074
6330815
6339535
6339574
6339790
6340513
6350033
6352696
6356164
6360655
6361000
6361796
6363182
6363283
6371520
6375606
6377838
6378020
6378982
6381216
6381673
6386700
6386813
6392068
6398806
6399594
6401780
6404139
6405183
6405599
6405664
6409508
6410688
6413710
6416655
6416770
6416782
6430831
6432443
6437444
6441024
6441796
6447167
6447585
6451470
6451847
6459667
6464313
6468096
6469050
6469314
6477501
6481915
6483085
6490332
6492211
6492781
6497984
6500716
6502076
6504904
6508701
6512204
6513788
6514525
6522433
6525758
6528982
6530822
6530834
6531709
6531747
6531952
6534299
6536318
6537536
6539353
6549669
6555078
6557730
6579039
6583924
6584092
6589143
6589980
6591667
6591743
6610265
6611178
6611444
6611697
6614123
6614921
6615140
6620759
6624441
6635193
6635332
6635496
6636462
6639569
6644924
6656045
6657098
6680375
6708085
6734139